358 11111 1111111111

60, 6. 66, 1. 111 11111116, Πείθων σωματοφύλαξ 6, 68,

6, ’6. 11111117, 6, 6 praeest 4.1ο1ο111117,6,6.8111-
111 Phrataphernes 8, 8, 4. [fidem 111111117, 66, 6.
1111111116, 66, 4 61111111 mm 8 Ἀγήνορος Indiae
1Β11111111114,7,1.11- 11111111111111616,4.111-
111117,10,.6 1111111141· tre Musicenum 1111111 6,
11111111, 11111111111111- 17,1.

1111116, 66, 1. ΠείθωνὸΣωσικλὲοοςῌθ, 6.
Παρμενίων Philota 1111116Π1111ι116,68,4.

11, 10 exereitum 11 Asiam Πε1οἷγ ων Ἐφέσιος 1,17,16.
1111111111, 11, 6, 11111111 1111 lisitanae Πολέμο116, 5, 6.
1,14,1. 17, 6,18, 1 64,.6 Π111111Τ11111111111,7,6,
66,6.6,,46. 6,1. 8,4.6.1 Πελοπόν οος (1 Marcam,
6,11,10.14,.6 16,1. 4. 18, 7, 4. composite 1 Philippo
1Ϊ.’.167 11111111111111111111 7,6,6. 1111111111 11 con·
1111111111131111111116,1111111111,64,6.6,6,4.
11,10.16, 1. coniurationem 60, 5. 1111111113, 6, 6.
deteg itl, 66, 411. eius ed ΠέργηΡ11ιρ11γ11111, 66,1.
Alexandrum epistole 6, 4, 67, 6
61. eius 1111111111. 18,111. Περδίκκας 1101116116, 68,

18, 6 6, 66, 6. 6, 10, 1. 16, 4. 0111111 filius 1,14,1.

11. 11111116, 66, 4, 4, 14,.6 Thebanos aggreditur 1, 8.
6,,676. 11. 11111111116111 111. 1111 φοῑλαγξΙ, 14, 6.
11111. τοῖξιςῙ, 6, 8. 60, 5. 61, ,¹-
Παρύσατις Ochi 111117, 4, 4, 11 8. 6, 8, 3. 6, 11, 8. ἶπ-
Πασαργάδαι6, 18, 10.7, 18, παργιάὄ, 16, 6. 66, 6 8, 6,

6. Persidis 8, 66, 1. regie 4. 6.1111111111114,16,6.
6,1,.8116,60,1.111>11· 66,7.,.,,606661.,151.
1111111611.11111111111111468,6.1ο1· ¹
Πασικράτης6, 66, 8. ματοφύλαξ4, 61, 4 8, 18, 1. ¹
Πασιτιγρης(1 11111116, 171 8, 11, 1. 68, 4 uxorem ducit
11111111111111111611111-1,4,6.1111111111.6,6.
111116, 4,1. 111111 Aegyptio 111117,18,6.’
6,1,76 1111116183 terra Περίνθιοι6, 14, 8.

6,17,6. 8. et 1111111116,ΠερκώτηΡ111γ1111111Η1111-

17, 8. 61,3.111 1111111116, 1111111111, 16, 6.

18, 1,60, 1. Περοίδας Menesthei 111111
Π11111116,17,6.6.11111111111111116,6,3.
Πάταρα Ι1γ11111, 64, 4. Πέρσαι 1,1,6.11. 7, 8, 8.
Πάτροκλος7, 16, 8. 1111 tu· 11111111111111116, 1’4. 411.
1111111111111111,16,1.1111111111164,6.111η)111111
Παυσανίας εταῖρος Sardium 8 ,66, 6. 7, 10, 6. munimenta ,
arci praefectusl, 17, 7. 7, 7, 7. eum Macedonibus
ΠαύσιπποςΛακεὸαιμόνιος6, 111111 7, 11, 8. militer 7, ,
64, 4. 66, 111, aliqui Alexandri 1
Παφλαγόνες recepti 6, 4, 1. συγγενεῖς faeti 7, 11, 1, 6.
6,114, 4 divitiae 6,18, 10. 16, 7. 7,
Πειθαγορας μαντις7, 18,1. 6, 8. satrapes Arioberztner

 

