,354 INDEX nomm.

Λύγινος 1111111111, 2, 1. 6111111111116, 6, 6.
1116111 11111116, 22, 6’. 1,11, Μ1116111ς11111111Ρ1111111111
8. 17, 1, 6, 6,6. 11 41111161161611111117 8,
Λύδιος 1111111616, 6, 4. 1. 10, 1. 1111111, 18, 8. 2,
11611111111,11,’11,11, 6401111111 11111111, 7, 2,
4,7,6,.7 Ο111111111111.1,,.716
6116166111, 12, 7. Μ1111611111ἠά11 1,2, 6.1,
Ανκία1,,,2462,2,1.,666. 7,.,,.67124(Μ1’116111111
1111116116 11111616, 6, 6. 1111111111 1111111111011-
Δῦκιοι 6, 26, 4. 1116111111, 111111),
24, 6. 2, 60,’ 2. 1111111 Laconica (1.0111
1111111111 ’δης ’1161112 1, 6. Malia)8, 1, 2.
Λύκος ποταμός (11. 216) 6, 6111111 ’11661 6, 22, 2. 6, 4.
16,4. 8,..6,411111116,,’6111,’,6
Ληωη1111ηναιοςιιο,1 14,2. 1111111116 6, 2. 4. 111
Α1σανίας1, 2, 1. 1111111111 1111116 6,1-11.
1111111111 ’411111111116111114,1.1111111111)1111111111116,
11111111111111111111 1111-14,2.
11111,16,1. 6Π11111116, Μα116ς πόλις ciliciae 2, 6,
28,4. 111111161116,18,.1 6. 6, 1. 20, 2.
6,’26,4.111111111116, 24, 6. 6111111116, 6, 6.
1111111111,1.1.0111111 6111616611616, 26, 8.
colit'l,8, 4. 1111111111 11111 6111111111, 6, 4
7, 16, 6. Μάραθος2, 16,’8. 14, 1. 16,.6
1111111111 11111 Alexandrum Μαράκανδα regia 6631111111
11111111,16,4. (1.61111111111116, 60, 64,
M. 11,1.1’1ῗ11,151,6ἰἕ,ῗ1 11
Μαγαρσῑς mm, 6, 6. tem 11 moribus 11111116,Ἰ
Μαγαρσός πόλις 01116111 2, 24, 1.1111111116,11,6.16,1 ¹
66. Μ16111111η6η16.
Μἀγιιησία 11161111, 16, 1. Μαριαμμη Ρ1111111112 16,8.
Μ11116,26,7.11.7,1’1,6.Μαρκομανοι Marcomani 1, ’
.Μ111111ς’6,21, 1. 7, 6, 4. 6, 2.
Syriis praefectus 8, 8, 6, Μ1ιρῶ11ια Thraciae (1.611·
1111 exercitu 111 Euphratem 11111111, 11, 4.
111111116, 7,1. Babyloniae Μάσσαγα 6111111426, 1. 27,
satrapen 6, 16, 4. 7, 16, 1. 6. 28, 4.
1111111114,’16,’6. Μασσαγέται Σ1ι116114,16,.4
Μαζάκης 61111111111111118 17, 1.
1,2.22,1,Μα’11111116,8,6.
Μ61ζαρος ’111111ς6, 16, 6. Μαχαίτας6, 6, 4.
Μαιανὸρος 11111111 (16611111 Μ1111111166, 6.

6111111111, 16,7. Μεγαρευς 6,2, 6. 1
6111116111 11161116, 6, 4 May α ρίς6, 6,7.

Μαιμακτηριῶν μή12’, 11, 10. Μεγασθένης 1111111 1111111· ’
Μαιῶτις 111111] 6, 80, 6. ’6,6, 11116,6,1.1111111115,1
47,,.16 6,2.11’6111117,2,4

 

